,source,target,id,value
0,1,8,0,2.0
1,1,24,1,2.0
2,1,35,2,2.0
3,1,42,3,2.0
4,1,46,4,2.0
5,1,60,5,2.0
6,1,74,6,2.0
7,1,78,7,2.0
8,1,81,8,2.0
9,1,95,9,2.0
10,1,98,10,2.0
11,1,99,11,2.0
12,1,100,12,2.0
13,1,101,13,2.0
14,1,103,14,2.0
15,1,104,15,2.0
16,1,108,16,2.0
17,1,131,17,2.0
18,1,132,18,2.0
19,1,154,19,2.0
20,1,159,20,2.0
21,1,168,21,2.0
22,1,171,22,2.0
23,2,14,23,2.0
24,2,54,24,2.0
25,2,150,25,2.0
26,3,115,26,2.0
27,3,153,27,2.0
28,3,167,28,2.0
29,3,172,29,2.0
30,4,5,30,2.0
31,4,13,31,2.0
32,4,26,32,2.0
33,4,77,33,2.0
34,4,85,34,2.0
35,4,102,35,2.0
36,4,138,36,2.0
37,4,147,37,2.0
38,4,153,38,2.0
39,4,156,39,2.0
40,4,167,40,2.0
41,4,169,41,2.0
42,4,172,42,2.0
43,4,173,43,2.0
44,4,176,44,2.0
45,4,189,45,2.0
46,5,13,47,2.0
47,5,19,48,2.0
48,5,21,49,2.0
49,5,26,50,2.0
50,5,27,51,2.0
51,5,28,52,2.0
52,5,29,53,2.0
53,5,51,54,2.0
54,5,53,55,2.0
55,5,54,56,2.0
56,5,57,57,2.0
57,5,73,58,2.0
58,5,75,59,2.0
59,5,76,60,2.0
60,5,77,61,2.0
61,5,79,62,2.0
62,5,85,63,2.0
63,5,86,64,2.0
64,5,90,65,2.0
65,5,96,66,2.0
66,5,97,67,2.0
67,5,102,68,2.0
68,5,124,69,2.0
69,5,126,70,2.0
70,5,128,71,2.0
71,5,136,72,2.0
72,5,138,73,2.0
73,5,140,74,2.0
74,5,144,75,2.0
75,5,147,76,2.0
76,5,149,77,2.0
77,5,153,78,2.0
78,5,155,79,2.0
79,5,156,80,2.0
80,5,163,81,2.0
81,5,167,82,2.0
82,5,169,83,2.0
83,5,172,84,2.0
84,5,173,85,2.0
85,5,176,86,2.0
86,5,189,87,2.0
87,5,191,88,2.0
88,5,194,89,2.0
89,5,196,90,2.0
90,5,197,91,2.0
91,6,152,92,2.0
92,6,157,93,2.0
93,7,10,94,2.0
94,7,11,95,2.0
95,7,14,96,2.0
96,7,19,97,2.0
97,7,36,98,2.0
98,7,49,99,2.0
99,7,53,100,2.0
100,7,55,101,2.0
101,7,56,102,2.0
102,7,57,103,2.0
103,7,60,104,2.0
104,7,61,105,2.0
105,7,67,106,2.0
106,7,69,107,2.0
107,7,70,108,2.0
108,7,71,109,2.0
109,7,72,110,2.0
110,7,74,111,2.0
111,7,81,112,2.0
112,7,83,113,2.0
113,7,87,114,2.0
114,7,93,115,2.0
115,7,94,116,2.0
116,7,95,117,2.0
117,7,103,118,2.0
118,7,108,119,2.0
119,7,111,120,2.0
120,7,112,121,2.0
121,7,113,122,2.0
122,7,114,123,2.0
123,7,122,124,2.0
124,7,125,125,2.0
125,7,127,126,2.0
126,7,129,127,2.0
127,7,130,128,2.0
128,7,132,129,2.0
129,7,136,130,2.0
130,7,141,131,2.0
131,7,146,132,2.0
132,7,150,133,2.0
133,7,151,134,2.0
134,7,158,135,2.0
135,7,161,136,2.0
136,7,164,137,2.0
137,7,168,138,2.0
138,7,170,139,2.0
139,7,171,140,2.0
140,7,177,141,2.0
141,7,178,142,2.0
142,7,185,143,2.0
143,7,190,144,2.0
144,7,192,145,2.0
145,7,193,146,2.0
146,7,194,147,2.0
147,7,195,148,2.0
148,7,196,149,2.0
149,7,197,150,2.0
150,8,35,152,2.0
151,8,46,153,2.0
152,8,60,154,2.0
153,8,89,155,2.0
154,8,95,156,2.0
155,8,98,157,2.0
156,8,99,158,2.0
157,8,100,159,2.0
158,8,101,160,2.0
159,8,110,161,2.0
160,8,118,162,2.0
161,8,121,163,2.0
162,8,131,164,2.0
163,8,132,165,2.0
164,8,136,166,2.0
165,8,142,167,2.0
166,8,154,168,2.0
167,8,168,169,2.0
168,8,171,170,2.0
169,8,174,171,2.0
170,9,11,172,2.0
171,9,23,173,2.0
172,9,32,174,2.0
173,9,38,175,2.0
174,9,71,176,2.0
175,9,80,177,2.0
176,9,111,178,2.0
177,9,116,179,2.0
178,9,117,180,2.0
179,9,118,181,2.0
180,9,121,182,2.0
181,9,122,183,2.0
182,9,135,184,2.0
183,9,137,185,2.0
184,9,139,186,2.0
185,9,153,187,2.0
186,9,162,188,2.0
187,9,168,189,2.0
188,9,179,190,2.0
189,9,189,191,2.0
190,10,11,193,2.0
191,10,14,194,2.0
192,10,49,195,2.0
193,10,53,196,2.0
194,10,57,197,2.0
195,10,60,198,2.0
196,10,61,199,2.0
197,10,69,200,2.0
198,10,70,201,2.0
199,10,71,202,2.0
200,10,74,203,2.0
201,10,87,204,2.0
202,10,103,205,2.0
203,10,112,206,2.0
204,10,113,207,2.0
205,10,114,208,2.0
206,10,127,209,2.0
207,10,130,210,2.0
208,10,141,211,2.0
209,10,151,212,2.0
210,10,158,213,2.0
211,10,161,214,2.0
212,10,164,215,2.0
213,10,192,216,2.0
214,10,195,217,2.0
215,10,196,218,2.0
216,11,23,222,2.0
217,11,32,223,2.0
218,11,38,224,2.0
219,11,49,225,2.0
220,11,53,226,2.0
221,11,57,227,2.0
222,11,71,228,2.0
223,11,80,229,2.0
224,11,112,230,2.0
225,11,113,231,2.0
226,11,114,232,2.0
227,11,135,233,2.0
228,11,139,234,2.0
229,11,158,235,2.0
230,11,161,236,2.0
231,11,162,237,2.0
232,11,164,238,2.0
233,11,179,239,2.0
234,11,189,240,2.0
235,11,196,241,2.0
236,12,18,242,2.0
237,12,19,243,2.0
238,12,31,244,2.0
239,12,49,245,2.0
240,12,53,246,2.0
241,12,54,247,2.0
242,12,55,248,2.0
243,12,56,249,2.0
244,12,57,250,2.0
245,12,60,251,2.0
246,12,61,252,2.0
247,12,71,253,2.0
248,12,73,254,2.0
249,12,83,255,2.0
250,12,114,256,2.0
251,12,129,257,2.0
252,12,170,258,2.0
253,12,194,259,2.0
254,12,195,260,2.0
255,12,196,261,2.0
256,12,197,262,2.0
257,13,25,265,2.0
258,13,26,266,2.0
259,13,28,267,2.0
260,13,73,268,2.0
261,13,85,269,2.0
262,13,86,270,2.0
263,13,92,271,2.0
264,13,102,272,2.0
265,13,128,273,2.0
266,13,140,274,2.0
267,13,147,275,2.0
268,13,148,276,2.0
269,13,149,277,2.0
270,13,153,278,2.0
271,13,155,279,2.0
272,13,156,280,2.0
273,13,167,281,2.0
274,13,169,282,2.0
275,13,172,283,2.0
276,13,173,284,2.0
277,13,176,285,2.0
278,13,189,286,2.0
279,13,191,287,2.0
280,14,54,291,2.0
281,14,60,292,2.0
282,14,61,293,2.0
283,14,69,294,2.0
284,14,70,295,2.0
285,14,87,296,2.0
286,14,96,297,2.0
287,14,112,298,2.0
288,14,114,299,2.0
289,14,127,300,2.0
290,14,130,301,2.0
291,14,141,302,2.0
292,14,150,303,2.0
293,14,151,304,2.0
294,14,158,305,2.0
295,14,161,306,2.0
296,14,164,307,2.0
297,14,185,308,2.0
298,14,186,309,2.0
299,14,192,310,2.0
300,14,194,311,2.0
301,14,195,312,2.0
302,15,16,313,2.0
303,15,24,314,2.0
304,15,48,315,2.0
305,15,81,316,2.0
306,15,91,317,2.0
307,15,104,318,2.0
308,15,105,319,2.0
309,15,107,320,2.0
310,16,24,322,2.0
311,16,48,323,2.0
312,16,78,324,2.0
313,16,81,325,2.0
314,16,91,326,2.0
315,16,104,327,2.0
316,16,105,328,2.0
317,16,107,329,2.0
318,17,62,330,2.0
319,17,136,331,2.0
320,18,19,333,2.0
321,18,29,334,2.0
322,18,31,335,2.0
323,18,50,336,2.0
324,18,53,337,2.0
325,18,54,338,2.0
326,18,55,339,2.0
327,18,56,340,2.0
328,18,57,341,2.0
329,18,60,342,2.0
330,18,61,343,2.0
331,18,73,344,2.0
332,18,77,345,2.0
333,18,86,346,2.0
334,18,88,347,2.0
335,18,90,348,2.0
336,18,96,349,2.0
337,18,114,350,2.0
338,18,128,351,2.0
339,18,129,352,2.0
340,18,131,353,2.0
341,18,132,354,2.0
342,18,136,355,2.0
343,18,140,356,2.0
344,18,147,357,2.0
345,18,149,358,2.0
346,18,158,359,2.0
347,18,167,360,2.0
348,18,172,361,2.0
349,18,183,362,2.0
350,18,184,363,2.0
351,18,191,364,2.0
352,18,194,365,2.0
353,18,195,366,2.0
354,18,196,367,2.0
355,18,197,368,2.0
356,19,20,373,2.0
357,19,31,374,2.0
358,19,49,375,2.0
359,19,53,376,2.0
360,19,54,377,2.0
361,19,55,378,2.0
362,19,56,379,2.0
363,19,57,380,2.0
364,19,60,381,2.0
365,19,61,382,2.0
366,19,70,383,2.0
367,19,129,384,2.0
368,19,130,385,2.0
369,19,136,386,2.0
370,19,185,387,2.0
371,19,192,388,2.0
372,19,194,389,2.0
373,19,195,390,2.0
374,19,196,391,2.0
375,19,197,392,2.0
376,20,24,394,2.0
377,20,60,395,2.0
378,20,70,396,2.0
379,20,78,397,2.0
380,20,80,398,2.0
381,20,87,399,2.0
382,20,136,400,2.0
383,20,137,401,2.0
384,20,158,402,2.0
385,20,168,403,2.0
386,22,43,405,2.0
387,22,81,406,2.0
388,22,83,407,2.0
389,22,98,408,2.0
390,22,99,409,2.0
391,22,100,410,2.0
392,22,101,411,2.0
393,22,105,412,2.0
394,22,108,413,2.0
395,22,131,414,2.0
396,22,132,415,2.0
397,22,136,416,2.0
398,22,164,417,2.0
399,22,170,418,2.0
400,22,174,419,2.0
401,22,178,420,2.0
402,22,182,421,2.0
403,22,194,422,2.0
404,22,197,423,2.0
405,23,32,426,2.0
406,23,38,427,2.0
407,23,60,428,2.0
408,23,80,429,2.0
409,23,111,430,2.0
410,23,135,431,2.0
411,23,139,432,2.0
412,23,162,433,2.0
413,23,168,434,2.0
414,23,179,435,2.0
415,23,189,436,2.0
416,24,35,441,2.0
417,24,42,442,2.0
418,24,43,443,2.0
419,24,46,444,2.0
420,24,48,445,2.0
421,24,60,446,2.0
422,24,74,447,2.0
423,24,78,448,2.0
424,24,80,449,2.0
425,24,81,450,2.0
426,24,91,451,2.0
427,24,99,452,2.0
428,24,100,453,2.0
429,24,103,454,2.0
430,24,104,455,2.0
431,24,105,456,2.0
432,24,107,457,2.0
433,24,108,458,2.0
434,24,132,459,2.0
435,24,136,460,2.0
436,24,154,461,2.0
437,24,168,462,2.0
438,24,171,463,2.0
439,24,174,464,2.0
440,24,182,465,2.0
441,25,92,467,2.0
442,25,117,468,2.0
443,25,148,469,2.0
444,25,149,470,2.0
445,25,153,471,2.0
446,26,28,475,2.0
447,26,29,476,2.0
448,26,73,477,2.0
449,26,77,478,2.0
450,26,85,479,2.0
451,26,86,480,2.0
452,26,90,481,2.0
453,26,96,482,2.0
454,26,102,483,2.0
455,26,124,484,2.0
456,26,128,485,2.0
457,26,138,486,2.0
458,26,140,487,2.0
459,26,147,488,2.0
460,26,149,489,2.0
461,26,153,490,2.0
462,26,155,491,2.0
463,26,156,492,2.0
464,26,167,493,2.0
465,26,169,494,2.0
466,26,172,495,2.0
467,26,173,496,2.0
468,26,176,497,2.0
469,26,178,498,2.0
470,26,184,499,2.0
471,26,189,500,2.0
472,26,191,501,2.0
473,26,198,502,2.0
474,27,29,504,2.0
475,27,51,505,2.0
476,27,76,506,2.0
477,27,96,507,2.0
478,27,126,508,2.0
479,27,128,509,2.0
480,27,144,510,2.0
481,27,147,511,2.0
482,27,149,512,2.0
483,27,153,513,2.0
484,27,167,514,2.0
485,27,172,515,2.0
486,28,29,519,2.0
487,28,73,520,2.0
488,28,77,521,2.0
489,28,85,522,2.0
490,28,86,523,2.0
491,28,90,524,2.0
492,28,96,525,2.0
493,28,102,526,2.0
494,28,124,527,2.0
495,28,128,528,2.0
496,28,138,529,2.0
497,28,140,530,2.0
498,28,147,531,2.0
499,28,149,532,2.0
500,28,153,533,2.0
501,28,155,534,2.0
502,28,156,535,2.0
503,28,167,536,2.0
504,28,172,537,2.0
505,28,173,538,2.0
506,28,176,539,2.0
507,28,184,540,2.0
508,28,189,541,2.0
509,28,191,542,2.0
510,28,198,543,2.0
511,29,51,549,2.0
512,29,73,550,2.0
513,29,76,551,2.0
514,29,77,552,2.0
515,29,86,553,2.0
516,29,88,554,2.0
517,29,90,555,2.0
518,29,96,556,2.0
519,29,97,557,2.0
520,29,124,558,2.0
521,29,126,559,2.0
522,29,128,560,2.0
523,29,136,561,2.0
524,29,138,562,2.0
525,29,140,563,2.0
526,29,144,564,2.0
527,29,147,565,2.0
528,29,149,566,2.0
529,29,153,567,2.0
530,29,167,568,2.0
531,29,169,569,2.0
532,29,172,570,2.0
533,29,176,571,2.0
534,29,184,572,2.0
535,29,191,573,2.0
536,29,198,574,2.0
537,30,34,575,2.0
538,31,32,579,2.0
539,31,53,580,2.0
540,31,54,581,2.0
541,31,55,582,2.0
542,31,56,583,2.0
543,31,57,584,2.0
544,31,60,585,2.0
545,31,61,586,2.0
546,31,106,587,2.0
547,31,111,588,2.0
548,31,123,589,2.0
549,31,129,590,2.0
550,31,170,591,2.0
551,31,194,592,2.0
552,31,195,593,2.0
553,31,196,594,2.0
554,31,197,595,2.0
555,32,33,600,2.0
556,32,35,601,2.0
557,32,38,602,2.0
558,32,40,603,2.0
559,32,44,604,2.0
560,32,58,605,2.0
561,32,60,606,2.0
562,32,61,607,2.0
563,32,62,608,2.0
564,32,63,609,2.0
565,32,64,610,2.0
566,32,65,611,2.0
567,32,66,612,2.0
568,32,80,613,2.0
569,32,91,614,2.0
570,32,98,615,2.0
571,32,99,616,2.0
572,32,100,617,2.0
573,32,101,618,2.0
574,32,105,619,2.0
575,32,106,620,2.0
576,32,107,621,2.0
577,32,108,622,2.0
578,32,109,623,2.0
579,32,110,624,2.0
580,32,111,625,2.0
581,32,122,626,2.0
582,32,123,627,2.0
583,32,131,628,2.0
584,32,132,629,2.0
585,32,135,630,2.0
586,32,139,631,2.0
587,32,154,632,2.0
588,32,162,633,2.0
589,32,168,634,2.0
590,32,179,635,2.0
591,32,189,636,2.0
592,33,35,638,2.0
593,33,38,639,2.0
594,33,40,640,2.0
595,33,44,641,2.0
596,33,58,642,2.0
597,33,60,643,2.0
598,33,62,644,2.0
599,33,63,645,2.0
600,33,64,646,2.0
601,33,65,647,2.0
602,33,66,648,2.0
603,33,91,649,2.0
604,33,98,650,2.0
605,33,99,651,2.0
606,33,100,652,2.0
607,33,101,653,2.0
608,33,105,654,2.0
609,33,106,655,2.0
610,33,107,656,2.0
611,33,108,657,2.0
612,33,109,658,2.0
613,33,110,659,2.0
614,33,116,660,2.0
615,33,119,661,2.0
616,33,122,662,2.0
617,33,123,663,2.0
618,33,131,664,2.0
619,33,132,665,2.0
620,33,134,666,2.0
621,33,135,667,2.0
622,33,154,668,2.0
623,33,168,669,2.0
624,33,179,670,2.0
625,34,70,672,2.0
626,34,83,673,2.0
627,34,192,674,2.0
628,35,40,680,2.0
629,35,44,681,2.0
630,35,46,682,2.0
631,35,58,683,2.0
632,35,60,684,2.0
633,35,62,685,2.0
634,35,63,686,2.0
635,35,64,687,2.0
636,35,65,688,2.0
637,35,66,689,2.0
638,35,68,690,2.0
639,35,74,691,2.0
640,35,78,692,2.0
641,35,95,693,2.0
642,35,98,694,2.0
643,35,99,695,2.0
644,35,100,696,2.0
645,35,101,697,2.0
646,35,103,698,2.0
647,35,104,699,2.0
648,35,105,700,2.0
649,35,106,701,2.0
650,35,107,702,2.0
651,35,108,703,2.0
652,35,109,704,2.0
653,35,110,705,2.0
654,35,122,706,2.0
655,35,123,707,2.0
656,35,131,708,2.0
657,35,132,709,2.0
658,35,135,710,2.0
659,35,154,711,2.0
660,35,166,712,2.0
661,35,168,713,2.0
662,35,170,714,2.0
663,35,171,715,2.0
664,35,179,716,2.0
665,35,187,717,2.0
666,36,49,719,2.0
667,36,53,720,2.0
668,36,54,721,2.0
669,36,55,722,2.0
670,36,56,723,2.0
671,36,60,724,2.0
672,36,67,725,2.0
673,36,70,726,2.0
674,36,72,727,2.0
675,36,81,728,2.0
676,36,83,729,2.0
677,36,87,730,2.0
678,36,129,731,2.0
679,36,150,732,2.0
680,36,158,733,2.0
681,36,161,734,2.0
682,36,164,735,2.0
683,36,170,736,2.0
684,36,174,737,2.0
685,36,178,738,2.0
686,36,192,739,2.0
687,36,194,740,2.0
688,36,195,741,2.0
689,36,196,742,2.0
690,36,197,743,2.0
691,37,90,744,2.0
692,37,133,745,2.0
693,37,153,746,2.0
694,37,155,747,2.0
695,37,180,748,2.0
696,38,40,754,2.0
697,38,44,755,2.0
698,38,63,756,2.0
699,38,80,757,2.0
700,38,91,758,2.0
701,38,105,759,2.0
702,38,116,760,2.0
703,38,119,761,2.0
704,38,134,762,2.0
705,38,135,763,2.0
706,38,139,764,2.0
707,38,162,765,2.0
708,38,179,766,2.0
709,38,189,767,2.0
710,39,51,768,2.0
711,39,80,769,2.0
712,39,116,770,2.0
713,39,149,771,2.0
714,39,153,772,2.0
715,39,181,773,2.0
716,40,44,778,2.0
717,40,58,779,2.0
718,40,60,780,2.0
719,40,62,781,2.0
720,40,63,782,2.0
721,40,64,783,2.0
722,40,65,784,2.0
723,40,66,785,2.0
724,40,91,786,2.0
725,40,98,787,2.0
726,40,99,788,2.0
727,40,100,789,2.0
728,40,101,790,2.0
729,40,105,791,2.0
730,40,106,792,2.0
731,40,107,793,2.0
732,40,108,794,2.0
733,40,109,795,2.0
734,40,110,796,2.0
735,40,116,797,2.0
736,40,119,798,2.0
737,40,122,799,2.0
738,40,123,800,2.0
739,40,131,801,2.0
740,40,132,802,2.0
741,40,134,803,2.0
742,40,135,804,2.0
743,40,154,805,2.0
744,40,168,806,2.0
745,40,179,807,2.0
746,41,45,808,2.0
747,41,77,809,2.0
748,41,86,810,2.0
749,41,88,811,2.0
750,41,96,812,2.0
751,41,97,813,2.0
752,41,136,814,2.0
753,42,46,817,2.0
754,42,50,818,2.0
755,42,81,819,2.0
756,42,104,820,2.0
757,42,106,821,2.0
758,42,123,822,2.0
759,42,136,823,2.0
760,42,159,824,2.0
761,42,182,825,2.0
762,42,183,826,2.0
763,43,59,829,2.0
764,43,78,830,2.0
765,43,81,831,2.0
766,43,82,832,2.0
767,43,83,833,2.0
768,43,98,834,2.0
769,43,99,835,2.0
770,43,100,836,2.0
771,43,101,837,2.0
772,43,105,838,2.0
773,43,108,839,2.0
774,43,118,840,2.0
775,43,121,841,2.0
776,43,122,842,2.0
777,43,131,843,2.0
778,43,132,844,2.0
779,43,136,845,2.0
780,43,143,846,2.0
781,43,158,847,2.0
782,43,162,848,2.0
783,43,164,849,2.0
784,43,170,850,2.0
785,43,174,851,2.0
786,43,178,852,2.0
787,43,182,853,2.0
788,43,194,854,2.0
789,43,197,855,2.0
790,44,50,861,2.0
791,44,58,862,2.0
792,44,60,863,2.0
793,44,62,864,2.0
794,44,63,865,2.0
795,44,64,866,2.0
796,44,65,867,2.0
797,44,66,868,2.0
798,44,68,869,2.0
799,44,91,870,2.0
800,44,98,871,2.0
801,44,99,872,2.0
802,44,100,873,2.0
803,44,101,874,2.0
804,44,105,875,2.0
805,44,106,876,2.0
806,44,107,877,2.0
807,44,108,878,2.0
808,44,109,879,2.0
809,44,110,880,2.0
810,44,122,881,2.0
811,44,123,882,2.0
812,44,131,883,2.0
813,44,132,884,2.0
814,44,135,885,2.0
815,44,139,886,2.0
816,44,154,887,2.0
817,44,166,888,2.0
818,44,168,889,2.0
819,44,171,890,2.0
820,44,179,891,2.0
821,44,187,892,2.0
822,45,77,894,2.0
823,45,86,895,2.0
824,45,88,896,2.0
825,45,96,897,2.0
826,45,97,898,2.0
827,45,136,899,2.0
828,46,50,905,2.0
829,46,60,906,2.0
830,46,81,907,2.0
831,46,95,908,2.0
832,46,98,909,2.0
833,46,99,910,2.0
834,46,100,911,2.0
835,46,101,912,2.0
836,46,104,913,2.0
837,46,106,914,2.0
838,46,123,915,2.0
839,46,131,916,2.0
840,46,132,917,2.0
841,46,154,918,2.0
842,46,159,919,2.0
843,46,168,920,2.0
844,46,171,921,2.0
845,46,183,922,2.0
846,47,155,923,2.0
847,47,167,924,2.0
848,47,180,925,2.0
849,48,81,929,2.0
850,48,91,930,2.0
851,48,104,931,2.0
852,48,105,932,2.0
853,48,107,933,2.0
854,49,52,940,2.0
855,49,53,941,2.0
856,49,54,942,2.0
857,49,57,943,2.0
858,49,60,944,2.0
859,49,67,945,2.0
860,49,69,946,2.0
861,49,70,947,2.0
862,49,71,948,2.0
863,49,79,949,2.0
864,49,83,950,2.0
865,49,90,951,2.0
866,49,112,952,2.0
867,49,113,953,2.0
868,49,114,954,2.0
869,49,118,955,2.0
870,49,121,956,2.0
871,49,125,957,2.0
872,49,127,958,2.0
873,49,130,959,2.0
874,49,136,960,2.0
875,49,142,961,2.0
876,49,143,962,2.0
877,49,149,963,2.0
878,49,150,964,2.0
879,49,158,965,2.0
880,49,161,966,2.0
881,49,162,967,2.0
882,49,164,968,2.0
883,49,174,969,2.0
884,49,178,970,2.0
885,49,185,971,2.0
886,49,192,972,2.0
887,49,194,973,2.0
888,49,195,974,2.0
889,49,196,975,2.0
890,50,53,980,2.0
891,50,56,981,2.0
892,50,60,982,2.0
893,50,64,983,2.0
894,50,65,984,2.0
895,50,66,985,2.0
896,50,68,986,2.0
897,50,81,987,2.0
898,50,88,988,2.0
899,50,106,989,2.0
900,50,110,990,2.0
901,50,111,991,2.0
902,50,114,992,2.0
903,50,123,993,2.0
904,50,131,994,2.0
905,50,132,995,2.0
906,50,139,996,2.0
907,50,158,997,2.0
908,50,166,998,2.0
909,50,168,999,2.0
910,50,179,1000,2.0
911,50,183,1001,2.0
912,50,196,1002,2.0
913,51,75,1007,2.0
914,51,76,1008,2.0
915,51,79,1009,2.0
916,51,96,1010,2.0
917,51,126,1011,2.0
918,51,128,1012,2.0
919,51,136,1013,2.0
920,51,144,1014,2.0
921,51,147,1015,2.0
922,51,149,1016,2.0
923,51,153,1017,2.0
924,51,167,1018,2.0
925,51,172,1019,2.0
926,51,174,1020,2.0
927,51,181,1021,2.0
928,52,53,1023,2.0
929,52,60,1024,2.0
930,52,83,1025,2.0
931,52,88,1026,2.0
932,52,196,1027,2.0
933,53,54,1040,2.0
934,53,55,1041,2.0
935,53,56,1042,2.0
936,53,57,1043,2.0
937,53,60,1044,2.0
938,53,61,1045,2.0
939,53,67,1046,2.0
940,53,71,1047,2.0
941,53,81,1048,2.0
942,53,83,1049,2.0
943,53,88,1050,2.0
944,53,111,1051,2.0
945,53,112,1052,2.0
946,53,113,1053,2.0
947,53,114,1054,2.0
948,53,129,1055,2.0
949,53,131,1056,2.0
950,53,132,1057,2.0
951,53,149,1058,2.0
952,53,150,1059,2.0
953,53,158,1060,2.0
954,53,161,1061,2.0
955,53,164,1062,2.0
956,53,170,1063,2.0
957,53,178,1064,2.0
958,53,183,1065,2.0
959,53,194,1066,2.0
960,53,195,1067,2.0
961,53,196,1068,2.0
962,53,197,1069,2.0
963,54,55,1080,2.0
964,54,56,1081,2.0
965,54,57,1082,2.0
966,54,60,1083,2.0
967,54,61,1084,2.0
968,54,67,1085,2.0
969,54,69,1086,2.0
970,54,70,1087,2.0
971,54,83,1088,2.0
972,54,87,1089,2.0
973,54,93,1090,2.0
974,54,94,1091,2.0
975,54,96,1092,2.0
976,54,111,1093,2.0
977,54,125,1094,2.0
978,54,129,1095,2.0
979,54,130,1096,2.0
980,54,146,1097,2.0
981,54,149,1098,2.0
982,54,150,1099,2.0
983,54,158,1100,2.0
984,54,161,1101,2.0
985,54,164,1102,2.0
986,54,168,1103,2.0
987,54,170,1104,2.0
988,54,174,1105,2.0
989,54,177,1106,2.0
990,54,178,1107,2.0
991,54,186,1108,2.0
992,54,190,1109,2.0
993,54,192,1110,2.0
994,54,193,1111,2.0
995,54,194,1112,2.0
996,54,195,1113,2.0
997,54,196,1114,2.0
998,54,197,1115,2.0
999,55,56,1124,2.0
1000,55,57,1125,2.0
1001,55,60,1126,2.0
1002,55,61,1127,2.0
1003,55,67,1128,2.0
1004,55,81,1129,2.0
1005,55,83,1130,2.0
1006,55,129,1131,2.0
1007,55,150,1132,2.0
1008,55,158,1133,2.0
1009,55,164,1134,2.0
1010,55,170,1135,2.0
1011,55,178,1136,2.0
1012,55,194,1137,2.0
1013,55,195,1138,2.0
1014,55,196,1139,2.0
1015,55,197,1140,2.0
1016,56,57,1151,2.0
1017,56,60,1152,2.0
1018,56,61,1153,2.0
1019,56,67,1154,2.0
1020,56,81,1155,2.0
1021,56,83,1156,2.0
1022,56,88,1157,2.0
1023,56,111,1158,2.0
1024,56,114,1159,2.0
1025,56,129,1160,2.0
1026,56,131,1161,2.0
1027,56,132,1162,2.0
1028,56,150,1163,2.0
1029,56,158,1164,2.0
1030,56,164,1165,2.0
1031,56,170,1166,2.0
1032,56,178,1167,2.0
1033,56,183,1168,2.0
1034,56,194,1169,2.0
1035,56,195,1170,2.0
1036,56,196,1171,2.0
1037,56,197,1172,2.0
1038,57,60,1186,2.0
1039,57,61,1187,2.0
1040,57,70,1188,2.0
1041,57,71,1189,2.0
1042,57,83,1190,2.0
1043,57,89,1191,2.0
1044,57,111,1192,2.0
1045,57,112,1193,2.0
1046,57,113,1194,2.0
1047,57,114,1195,2.0
1048,57,121,1196,2.0
1049,57,129,1197,2.0
1050,57,130,1198,2.0
1051,57,136,1199,2.0
1052,57,142,1200,2.0
1053,57,158,1201,2.0
1054,57,161,1202,2.0
1055,57,164,1203,2.0
1056,57,185,1204,2.0
1057,57,192,1205,2.0
1058,57,194,1206,2.0
1059,57,195,1207,2.0
1060,57,196,1208,2.0
1061,57,197,1209,2.0
1062,58,60,1215,2.0
1063,58,62,1216,2.0
1064,58,63,1217,2.0
1065,58,64,1218,2.0
1066,58,65,1219,2.0
1067,58,66,1220,2.0
1068,58,98,1221,2.0
1069,58,99,1222,2.0
1070,58,100,1223,2.0
1071,58,101,1224,2.0
1072,58,105,1225,2.0
1073,58,106,1226,2.0
1074,58,107,1227,2.0
1075,58,108,1228,2.0
1076,58,109,1229,2.0
1077,58,110,1230,2.0
1078,58,122,1231,2.0
1079,58,123,1232,2.0
1080,58,131,1233,2.0
1081,58,132,1234,2.0
1082,58,135,1235,2.0
1083,58,154,1236,2.0
1084,58,162,1237,2.0
1085,58,168,1238,2.0
1086,58,179,1239,2.0
1087,58,187,1240,2.0
1088,58,188,1241,2.0
1089,59,82,1243,2.0
1090,59,99,1244,2.0
1091,59,100,1245,2.0
1092,59,118,1246,2.0
1093,59,121,1247,2.0
1094,59,122,1248,2.0
1095,59,136,1249,2.0
1096,59,143,1250,2.0
1097,59,158,1251,2.0
1098,59,162,1252,2.0
1099,59,174,1253,2.0
1100,60,61,1282,2.0
1101,60,62,1283,2.0
1102,60,63,1284,2.0
1103,60,64,1285,2.0
1104,60,65,1286,2.0
1105,60,66,1287,2.0
1106,60,68,1288,2.0
1107,60,69,1289,2.0
1108,60,70,1290,2.0
1109,60,72,1291,2.0
1110,60,78,1292,2.0
1111,60,80,1293,2.0
1112,60,81,1294,2.0
1113,60,83,1295,2.0
1114,60,88,1296,2.0
1115,60,89,1297,2.0
1116,60,91,1298,2.0
1117,60,93,1299,2.0
1118,60,94,1300,2.0
1119,60,95,1301,2.0
1120,60,98,1302,2.0
1121,60,99,1303,2.0
1122,60,100,1304,2.0
1123,60,101,1305,2.0
1124,60,105,1306,2.0
1125,60,106,1307,2.0
1126,60,107,1308,2.0
1127,60,108,1309,2.0
1128,60,109,1310,2.0
1129,60,110,1311,2.0
1130,60,111,1312,2.0
1131,60,112,1313,2.0
1132,60,114,1314,2.0
1133,60,118,1315,2.0
1134,60,121,1316,2.0
1135,60,122,1317,2.0
1136,60,123,1318,2.0
1137,60,125,1319,2.0
1138,60,127,1320,2.0
1139,60,129,1321,2.0
1140,60,130,1322,2.0
1141,60,131,1323,2.0
1142,60,132,1324,2.0
1143,60,135,1325,2.0
1144,60,136,1326,2.0
1145,60,141,1327,2.0
1146,60,142,1328,2.0
1147,60,146,1329,2.0
1148,60,150,1330,2.0
1149,60,151,1331,2.0
1150,60,154,1332,2.0
1151,60,158,1333,2.0
1152,60,161,1334,2.0
1153,60,164,1335,2.0
1154,60,166,1336,2.0
1155,60,168,1337,2.0
1156,60,171,1338,2.0
1157,60,174,1339,2.0
1158,60,179,1340,2.0
1159,60,183,1341,2.0
1160,60,187,1342,2.0
1161,60,190,1343,2.0
1162,60,192,1344,2.0
1163,60,193,1345,2.0
1164,60,194,1346,2.0
1165,60,195,1347,2.0
1166,60,196,1348,2.0
1167,60,197,1349,2.0
1168,61,69,1364,2.0
1169,61,70,1365,2.0
1170,61,106,1366,2.0
1171,61,111,1367,2.0
1172,61,112,1368,2.0
1173,61,114,1369,2.0
1174,61,123,1370,2.0
1175,61,127,1371,2.0
1176,61,129,1372,2.0
1177,61,130,1373,2.0
1178,61,141,1374,2.0
1179,61,151,1375,2.0
1180,61,158,1376,2.0
1181,61,177,1377,2.0
1182,61,192,1378,2.0
1183,61,194,1379,2.0
1184,61,195,1380,2.0
1185,61,196,1381,2.0
1186,61,197,1382,2.0
1187,62,63,1391,2.0
1188,62,64,1392,2.0
1189,62,65,1393,2.0
1190,62,66,1394,2.0
1191,62,98,1395,2.0
1192,62,99,1396,2.0
1193,62,100,1397,2.0
1194,62,101,1398,2.0
1195,62,105,1399,2.0
1196,62,106,1400,2.0
1197,62,107,1401,2.0
1198,62,108,1402,2.0
1199,62,109,1403,2.0
1200,62,110,1404,2.0
1201,62,122,1405,2.0
1202,62,123,1406,2.0
1203,62,131,1407,2.0
1204,62,132,1408,2.0
1205,62,135,1409,2.0
1206,62,154,1410,2.0
1207,62,168,1411,2.0
1208,62,179,1412,2.0
1209,63,64,1422,2.0
1210,63,65,1423,2.0
1211,63,66,1424,2.0
1212,63,91,1425,2.0
1213,63,98,1426,2.0
1214,63,99,1427,2.0
1215,63,100,1428,2.0
1216,63,101,1429,2.0
1217,63,105,1430,2.0
1218,63,106,1431,2.0
1219,63,107,1432,2.0
1220,63,108,1433,2.0
1221,63,109,1434,2.0
1222,63,110,1435,2.0
1223,63,122,1436,2.0
1224,63,123,1437,2.0
1225,63,131,1438,2.0
1226,63,132,1439,2.0
1227,63,135,1440,2.0
1228,63,154,1441,2.0
1229,63,168,1442,2.0
1230,63,179,1443,2.0
1231,64,65,1454,2.0
1232,64,66,1455,2.0
1233,64,98,1456,2.0
1234,64,99,1457,2.0
1235,64,100,1458,2.0
1236,64,101,1459,2.0
1237,64,105,1460,2.0
1238,64,106,1461,2.0
1239,64,107,1462,2.0
1240,64,108,1463,2.0
1241,64,109,1464,2.0
1242,64,110,1465,2.0
1243,64,122,1466,2.0
1244,64,123,1467,2.0
1245,64,131,1468,2.0
1246,64,132,1469,2.0
1247,64,135,1470,2.0
1248,64,139,1471,2.0
1249,64,154,1472,2.0
1250,64,168,1473,2.0
1251,64,170,1474,2.0
1252,64,179,1475,2.0
1253,65,66,1487,2.0
1254,65,98,1488,2.0
1255,65,99,1489,2.0
1256,65,100,1490,2.0
1257,65,101,1491,2.0
1258,65,105,1492,2.0
1259,65,106,1493,2.0
1260,65,107,1494,2.0
1261,65,108,1495,2.0
1262,65,109,1496,2.0
1263,65,110,1497,2.0
1264,65,122,1498,2.0
1265,65,123,1499,2.0
1266,65,131,1500,2.0
1267,65,132,1501,2.0
1268,65,135,1502,2.0
1269,65,136,1503,2.0
1270,65,139,1504,2.0
1271,65,154,1505,2.0
1272,65,168,1506,2.0
1273,65,170,1507,2.0
1274,65,179,1508,2.0
1275,66,98,1521,2.0
1276,66,99,1522,2.0
1277,66,100,1523,2.0
1278,66,101,1524,2.0
1279,66,105,1525,2.0
1280,66,106,1526,2.0
1281,66,107,1527,2.0
1282,66,108,1528,2.0
1283,66,109,1529,2.0
1284,66,110,1530,2.0
1285,66,122,1531,2.0
1286,66,123,1532,2.0
1287,66,131,1533,2.0
1288,66,132,1534,2.0
1289,66,135,1535,2.0
1290,66,136,1536,2.0
1291,66,139,1537,2.0
1292,66,154,1538,2.0
1293,66,168,1539,2.0
1294,66,170,1540,2.0
1295,66,179,1541,2.0
1296,66,182,1542,2.0
1297,67,70,1550,2.0
1298,67,81,1551,2.0
1299,67,83,1552,2.0
1300,67,84,1553,2.0
1301,67,87,1554,2.0
1302,67,103,1555,2.0
1303,67,127,1556,2.0
1304,67,134,1557,2.0
1305,67,135,1558,2.0
1306,67,136,1559,2.0
1307,67,149,1560,2.0
1308,67,150,1561,2.0
1309,67,158,1562,2.0
1310,67,159,1563,2.0
1311,67,164,1564,2.0
1312,67,170,1565,2.0
1313,67,174,1566,2.0
1314,67,178,1567,2.0
1315,67,192,1568,2.0
1316,67,194,1569,2.0
1317,67,195,1570,2.0
1318,67,196,1571,2.0
1319,68,99,1576,2.0
1320,68,101,1577,2.0
1321,68,132,1578,2.0
1322,68,135,1579,2.0
1323,68,154,1580,2.0
1324,68,166,1581,2.0
1325,68,168,1582,2.0
1326,68,171,1583,2.0
1327,68,183,1584,2.0
1328,68,187,1585,2.0
1329,69,70,1593,2.0
1330,69,73,1594,2.0
1331,69,86,1595,2.0
1332,69,87,1596,2.0
1333,69,88,1597,2.0
1334,69,90,1598,2.0
1335,69,93,1599,2.0
1336,69,94,1600,2.0
1337,69,95,1601,2.0
1338,69,96,1602,2.0
1339,69,99,1603,2.0
1340,69,108,1604,2.0
1341,69,109,1605,2.0
1342,69,110,1606,2.0
1343,69,111,1607,2.0
1344,69,112,1608,2.0
1345,69,114,1609,2.0
1346,69,118,1610,2.0
1347,69,121,1611,2.0
1348,69,122,1612,2.0
1349,69,125,1613,2.0
1350,69,127,1614,2.0
1351,69,130,1615,2.0
1352,69,132,1616,2.0
1353,69,136,1617,2.0
1354,69,141,1618,2.0
1355,69,142,1619,2.0
1356,69,143,1620,2.0
1357,69,146,1621,2.0
1358,69,150,1622,2.0
1359,69,151,1623,2.0
1360,69,158,1624,2.0
1361,69,161,1625,2.0
1362,69,164,1626,2.0
1363,69,168,1627,2.0
1364,69,171,1628,2.0
1365,69,174,1629,2.0
1366,69,175,1630,2.0
1367,69,177,1631,2.0
1368,69,183,1632,2.0
1369,69,186,1633,2.0
1370,69,190,1634,2.0
1371,69,192,1635,2.0
1372,69,193,1636,2.0
1373,69,194,1637,2.0
1374,69,195,1638,2.0
1375,70,73,1653,2.0
1376,70,83,1654,2.0
1377,70,86,1655,2.0
1378,70,87,1656,2.0
1379,70,88,1657,2.0
1380,70,93,1658,2.0
1381,70,94,1659,2.0
1382,70,95,1660,2.0
1383,70,96,1661,2.0
1384,70,99,1662,2.0
1385,70,108,1663,2.0
1386,70,110,1664,2.0
1387,70,111,1665,2.0
1388,70,112,1666,2.0
1389,70,114,1667,2.0
1390,70,118,1668,2.0
1391,70,121,1669,2.0
1392,70,122,1670,2.0
1393,70,125,1671,2.0
1394,70,127,1672,2.0
1395,70,130,1673,2.0
1396,70,132,1674,2.0
1397,70,136,1675,2.0
1398,70,141,1676,2.0
1399,70,142,1677,2.0
1400,70,143,1678,2.0
1401,70,146,1679,2.0
1402,70,150,1680,2.0
1403,70,151,1681,2.0
1404,70,158,1682,2.0
1405,70,161,1683,2.0
1406,70,164,1684,2.0
1407,70,167,1685,2.0
1408,70,168,1686,2.0
1409,70,170,1687,2.0
1410,70,171,1688,2.0
1411,70,174,1689,2.0
1412,70,175,1690,2.0
1413,70,177,1691,2.0
1414,70,178,1692,2.0
1415,70,183,1693,2.0
1416,70,185,1694,2.0
1417,70,186,1695,2.0
1418,70,190,1696,2.0
1419,70,192,1697,2.0
1420,70,193,1698,2.0
1421,70,194,1699,2.0
1422,70,195,1700,2.0
1423,71,72,1709,2.0
1424,71,74,1710,2.0
1425,71,83,1711,2.0
1426,71,103,1712,2.0
1427,71,111,1713,2.0
1428,71,112,1714,2.0
1429,71,113,1715,2.0
1430,71,114,1716,2.0
1431,71,116,1717,2.0
1432,71,117,1718,2.0
1433,71,118,1719,2.0
1434,71,121,1720,2.0
1435,71,122,1721,2.0
1436,71,137,1722,2.0
1437,71,150,1723,2.0
1438,71,153,1724,2.0
1439,71,158,1725,2.0
1440,71,161,1726,2.0
1441,71,164,1727,2.0
1442,71,168,1728,2.0
1443,71,195,1729,2.0
1444,71,196,1730,2.0
1445,72,74,1735,2.0
1446,72,103,1736,2.0
1447,72,150,1737,2.0
1448,72,161,1738,2.0
1449,72,164,1739,2.0
1450,73,77,1749,2.0
1451,73,85,1750,2.0
1452,73,86,1751,2.0
1453,73,88,1752,2.0
1454,73,90,1753,2.0
1455,73,96,1754,2.0
1456,73,99,1755,2.0
1457,73,110,1756,2.0
1458,73,128,1757,2.0
1459,73,136,1758,2.0
1460,73,140,1759,2.0
1461,73,143,1760,2.0
1462,73,147,1761,2.0
1463,73,149,1762,2.0
1464,73,155,1763,2.0
1465,73,156,1764,2.0
1466,73,167,1765,2.0
1467,73,172,1766,2.0
1468,73,174,1767,2.0
1469,73,184,1768,2.0
1470,73,189,1769,2.0
1471,73,191,1770,2.0
1472,74,78,1778,2.0
1473,74,87,1779,2.0
1474,74,103,1780,2.0
1475,74,104,1781,2.0
1476,74,108,1782,2.0
1477,74,112,1783,2.0
1478,74,114,1784,2.0
1479,74,150,1785,2.0
1480,74,154,1786,2.0
1481,74,161,1787,2.0
1482,74,164,1788,2.0
1483,74,168,1789,2.0
1484,74,171,1790,2.0
1485,75,76,1793,2.0
1486,75,79,1794,2.0
1487,75,86,1795,2.0
1488,75,96,1796,2.0
1489,75,126,1797,2.0
1490,75,128,1798,2.0
1491,75,136,1799,2.0
1492,75,144,1800,2.0
1493,75,147,1801,2.0
1494,75,149,1802,2.0
1495,75,163,1803,2.0
1496,75,167,1804,2.0
1497,75,172,1805,2.0
1498,75,174,1806,2.0
1499,75,198,1807,2.0
1500,76,79,1813,2.0
1501,76,96,1814,2.0
1502,76,126,1815,2.0
1503,76,128,1816,2.0
1504,76,136,1817,2.0
1505,76,144,1818,2.0
1506,76,147,1819,2.0
1507,76,149,1820,2.0
1508,76,153,1821,2.0
1509,76,172,1822,2.0
1510,76,174,1823,2.0
1511,77,85,1833,2.0
1512,77,86,1834,2.0
1513,77,88,1835,2.0
1514,77,90,1836,2.0
1515,77,96,1837,2.0
1516,77,97,1838,2.0
1517,77,102,1839,2.0
1518,77,124,1840,2.0
1519,77,128,1841,2.0
1520,77,136,1842,2.0
1521,77,138,1843,2.0
1522,77,140,1844,2.0
1523,77,147,1845,2.0
1524,77,149,1846,2.0
1525,77,167,1847,2.0
1526,77,169,1848,2.0
1527,77,172,1849,2.0
1528,77,173,1850,2.0
1529,77,184,1851,2.0
1530,77,191,1852,2.0
1531,78,80,1861,2.0
1532,78,91,1862,2.0
1533,78,95,1863,2.0
1534,78,99,1864,2.0
1535,78,100,1865,2.0
1536,78,103,1866,2.0
1537,78,104,1867,2.0
1538,78,108,1868,2.0
1539,78,136,1869,2.0
1540,78,137,1870,2.0
1541,78,154,1871,2.0
1542,78,158,1872,2.0
1543,78,168,1873,2.0
1544,78,171,1874,2.0
1545,78,174,1875,2.0
1546,78,179,1876,2.0
1547,78,182,1877,2.0
1548,78,188,1878,2.0
1549,79,86,1884,2.0
1550,79,96,1885,2.0
1551,79,118,1886,2.0
1552,79,126,1887,2.0
1553,79,128,1888,2.0
1554,79,136,1889,2.0
1555,79,142,1890,2.0
1556,79,143,1891,2.0
1557,79,144,1892,2.0
1558,79,147,1893,2.0
1559,79,149,1894,2.0
1560,79,163,1895,2.0
1561,79,167,1896,2.0
1562,79,172,1897,2.0
1563,79,174,1898,2.0
1564,80,91,1909,2.0
1565,80,95,1910,2.0
1566,80,135,1911,2.0
1567,80,139,1912,2.0
1568,80,162,1913,2.0
1569,80,168,1914,2.0
1570,80,179,1915,2.0
1571,80,181,1916,2.0
1572,80,189,1917,2.0
1573,81,83,1935,2.0
1574,81,98,1936,2.0
1575,81,99,1937,2.0
1576,81,100,1938,2.0
1577,81,101,1939,2.0
1578,81,104,1940,2.0
1579,81,105,1941,2.0
1580,81,106,1942,2.0
1581,81,108,1943,2.0
1582,81,123,1944,2.0
1583,81,131,1945,2.0
1584,81,132,1946,2.0
1585,81,136,1947,2.0
1586,81,150,1948,2.0
1587,81,158,1949,2.0
1588,81,164,1950,2.0
1589,81,170,1951,2.0
1590,81,174,1952,2.0
1591,81,178,1953,2.0
1592,81,182,1954,2.0
1593,81,183,1955,2.0
1594,81,194,1956,2.0
1595,81,195,1957,2.0
1596,81,196,1958,2.0
1597,81,197,1959,2.0
1598,82,99,1962,2.0
1599,82,118,1963,2.0
1600,82,121,1964,2.0
1601,82,122,1965,2.0
1602,82,136,1966,2.0
1603,82,143,1967,2.0
1604,83,84,1986,2.0
1605,83,87,1987,2.0
1606,83,89,1988,2.0
1607,83,90,1989,2.0
1608,83,98,1990,2.0
1609,83,99,1991,2.0
1610,83,100,1992,2.0
1611,83,101,1993,2.0
1612,83,103,1994,2.0
1613,83,105,1995,2.0
1614,83,108,1996,2.0
1615,83,109,1997,2.0
1616,83,111,1998,2.0
1617,83,114,1999,2.0
1618,83,118,2000,2.0
1619,83,121,2001,2.0
1620,83,127,2002,2.0
1621,83,131,2003,2.0
1622,83,132,2004,2.0
1623,83,134,2005,2.0
1624,83,135,2006,2.0
1625,83,136,2007,2.0
1626,83,137,2008,2.0
1627,83,141,2009,2.0
1628,83,142,2010,2.0
1629,83,149,2011,2.0
1630,83,150,2012,2.0
1631,83,158,2013,2.0
1632,83,159,2014,2.0
1633,83,164,2015,2.0
1634,83,168,2016,2.0
1635,83,170,2017,2.0
1636,83,174,2018,2.0
1637,83,178,2019,2.0
1638,83,182,2020,2.0
1639,83,185,2021,2.0
1640,83,192,2022,2.0
1641,83,194,2023,2.0
1642,83,195,2024,2.0
1643,83,196,2025,2.0
1644,83,197,2026,2.0
1645,84,118,2029,2.0
1646,84,129,2030,2.0
1647,84,134,2031,2.0
1648,84,135,2032,2.0
1649,84,136,2033,2.0
1650,84,158,2034,2.0
1651,84,159,2035,2.0
1652,84,170,2036,2.0
1653,84,175,2037,2.0
1654,84,183,2038,2.0
1655,84,194,2039,2.0
1656,84,195,2040,2.0
1657,85,86,2048,2.0
1658,85,102,2049,2.0
1659,85,128,2050,2.0
1660,85,140,2051,2.0
1661,85,147,2052,2.0
1662,85,149,2053,2.0
1663,85,155,2054,2.0
1664,85,156,2055,2.0
1665,85,167,2056,2.0
1666,85,169,2057,2.0
1667,85,189,2058,2.0
1668,85,191,2059,2.0
1669,86,88,2075,2.0
1670,86,90,2076,2.0
1671,86,96,2077,2.0
1672,86,97,2078,2.0
1673,86,102,2079,2.0
1674,86,124,2080,2.0
1675,86,128,2081,2.0
1676,86,136,2082,2.0
1677,86,138,2083,2.0
1678,86,140,2084,2.0
1679,86,147,2085,2.0
1680,86,149,2086,2.0
1681,86,153,2087,2.0
1682,86,155,2088,2.0
1683,86,156,2089,2.0
1684,86,163,2090,2.0
1685,86,167,2091,2.0
1686,86,169,2092,2.0
1687,86,172,2093,2.0
1688,86,173,2094,2.0
1689,86,176,2095,2.0
1690,86,184,2096,2.0
1691,86,189,2097,2.0
1692,86,191,2098,2.0
1693,86,198,2099,2.0
1694,87,96,2111,2.0
1695,87,103,2112,2.0
1696,87,112,2113,2.0
1697,87,114,2114,2.0
1698,87,130,2115,2.0
1699,87,150,2116,2.0
1700,87,158,2117,2.0
1701,87,161,2118,2.0
1702,87,164,2119,2.0
1703,87,186,2120,2.0
1704,87,192,2121,2.0
1705,87,194,2122,2.0
1706,87,195,2123,2.0
1707,88,90,2138,2.0
1708,88,96,2139,2.0
1709,88,97,2140,2.0
1710,88,99,2141,2.0
1711,88,110,2142,2.0
1712,88,114,2143,2.0
1713,88,128,2144,2.0
1714,88,131,2145,2.0
1715,88,132,2146,2.0
1716,88,136,2147,2.0
1717,88,140,2148,2.0
1718,88,143,2149,2.0
1719,88,147,2150,2.0
1720,88,149,2151,2.0
1721,88,158,2152,2.0
1722,88,167,2153,2.0
1723,88,172,2154,2.0
1724,88,174,2155,2.0
1725,88,183,2156,2.0
1726,88,184,2157,2.0
1727,88,191,2158,2.0
1728,88,196,2159,2.0
1729,89,95,2164,2.0
1730,89,118,2165,2.0
1731,89,121,2166,2.0
1732,89,127,2167,2.0
1733,89,132,2168,2.0
1734,89,136,2169,2.0
1735,89,141,2170,2.0
1736,89,142,2171,2.0
1737,89,149,2172,2.0
1738,89,158,2173,2.0
1739,89,171,2174,2.0
1740,89,174,2175,2.0
1741,89,196,2176,2.0
1742,90,96,2190,2.0
1743,90,97,2191,2.0
1744,90,124,2192,2.0
1745,90,125,2193,2.0
1746,90,128,2194,2.0
1747,90,133,2195,2.0
1748,90,136,2196,2.0
1749,90,138,2197,2.0
1750,90,140,2198,2.0
1751,90,147,2199,2.0
1752,90,149,2200,2.0
1753,90,153,2201,2.0
1754,90,167,2202,2.0
1755,90,169,2203,2.0
1756,90,172,2204,2.0
1757,90,173,2205,2.0
1758,90,176,2206,2.0
1759,90,184,2207,2.0
1760,90,191,2208,2.0
1761,90,198,2209,2.0
1762,91,95,2223,2.0
1763,91,104,2224,2.0
1764,91,105,2225,2.0
1765,91,107,2226,2.0
1766,91,116,2227,2.0
1767,91,119,2228,2.0
1768,91,134,2229,2.0
1769,91,135,2230,2.0
1770,91,139,2231,2.0
1771,91,168,2232,2.0
1772,91,179,2233,2.0
1773,92,148,2236,2.0
1774,92,153,2237,2.0
1775,92,163,2238,2.0
1776,93,94,2244,2.0
1777,93,95,2245,2.0
1778,93,108,2246,2.0
1779,93,111,2247,2.0
1780,93,114,2248,2.0
1781,93,118,2249,2.0
1782,93,121,2250,2.0
1783,93,122,2251,2.0
1784,93,125,2252,2.0
1785,93,127,2253,2.0
1786,93,130,2254,2.0
1787,93,132,2255,2.0
1788,93,136,2256,2.0
1789,93,146,2257,2.0
1790,93,168,2258,2.0
1791,93,171,2259,2.0
1792,93,175,2260,2.0
1793,93,177,2261,2.0
1794,93,183,2262,2.0
1795,93,190,2263,2.0
1796,93,192,2264,2.0
1797,93,193,2265,2.0
1798,94,95,2272,2.0
1799,94,108,2273,2.0
1800,94,111,2274,2.0
1801,94,114,2275,2.0
1802,94,118,2276,2.0
1803,94,121,2277,2.0
1804,94,122,2278,2.0
1805,94,125,2279,2.0
1806,94,130,2280,2.0
1807,94,132,2281,2.0
1808,94,136,2282,2.0
1809,94,146,2283,2.0
1810,94,168,2284,2.0
1811,94,171,2285,2.0
1812,94,175,2286,2.0
1813,94,177,2287,2.0
1814,94,183,2288,2.0
1815,94,190,2289,2.0
1816,94,192,2290,2.0
1817,94,193,2291,2.0
1818,95,98,2306,2.0
1819,95,99,2307,2.0
1820,95,100,2308,2.0
1821,95,101,2309,2.0
1822,95,108,2310,2.0
1823,95,110,2311,2.0
1824,95,111,2312,2.0
1825,95,122,2313,2.0
1826,95,125,2314,2.0
1827,95,127,2315,2.0
1828,95,131,2316,2.0
1829,95,132,2317,2.0
1830,95,135,2318,2.0
1831,95,136,2319,2.0
1832,95,141,2320,2.0
1833,95,142,2321,2.0
1834,95,146,2322,2.0
1835,95,154,2323,2.0
1836,95,158,2324,2.0
1837,95,168,2325,2.0
1838,95,171,2326,2.0
1839,95,174,2327,2.0
1840,95,179,2328,2.0
1841,95,190,2329,2.0
1842,95,192,2330,2.0
1843,95,193,2331,2.0
1844,96,97,2354,2.0
1845,96,124,2355,2.0
1846,96,125,2356,2.0
1847,96,126,2357,2.0
1848,96,128,2358,2.0
1849,96,130,2359,2.0
1850,96,136,2360,2.0
1851,96,138,2361,2.0
1852,96,140,2362,2.0
1853,96,142,2363,2.0
1854,96,144,2364,2.0
1855,96,147,2365,2.0
1856,96,149,2366,2.0
1857,96,150,2367,2.0
1858,96,153,2368,2.0
1859,96,158,2369,2.0
1860,96,161,2370,2.0
1861,96,163,2371,2.0
1862,96,164,2372,2.0
1863,96,167,2373,2.0
1864,96,169,2374,2.0
1865,96,172,2375,2.0
1866,96,173,2376,2.0
1867,96,176,2377,2.0
1868,96,184,2378,2.0
1869,96,186,2379,2.0
1870,96,191,2380,2.0
1871,96,192,2381,2.0
1872,96,194,2382,2.0
1873,96,198,2383,2.0
1874,97,124,2393,2.0
1875,97,128,2394,2.0
1876,97,136,2395,2.0
1877,97,138,2396,2.0
1878,97,147,2397,2.0
1879,97,149,2398,2.0
1880,97,167,2399,2.0
1881,97,169,2400,2.0
1882,97,172,2401,2.0
1883,98,99,2422,2.0
1884,98,100,2423,2.0
1885,98,101,2424,2.0
1886,98,105,2425,2.0
1887,98,106,2426,2.0
1888,98,107,2427,2.0
1889,98,108,2428,2.0
1890,98,109,2429,2.0
1891,98,110,2430,2.0
1892,98,122,2431,2.0
1893,98,123,2432,2.0
1894,98,131,2433,2.0
1895,98,132,2434,2.0
1896,98,135,2435,2.0
1897,98,136,2436,2.0
1898,98,154,2437,2.0
1899,98,164,2438,2.0
1900,98,168,2439,2.0
1901,98,170,2440,2.0
1902,98,171,2441,2.0
1903,98,174,2442,2.0
1904,98,178,2443,2.0
1905,98,179,2444,2.0
1906,98,182,2445,2.0
1907,98,194,2446,2.0
1908,98,197,2447,2.0
1909,99,100,2478,2.0
1910,99,101,2479,2.0
1911,99,105,2480,2.0
1912,99,106,2481,2.0
1913,99,107,2482,2.0
1914,99,108,2483,2.0
1915,99,109,2484,2.0
1916,99,110,2485,2.0
1917,99,118,2486,2.0
1918,99,121,2487,2.0
1919,99,122,2488,2.0
1920,99,123,2489,2.0
1921,99,131,2490,2.0
1922,99,132,2491,2.0
1923,99,135,2492,2.0
1924,99,136,2493,2.0
1925,99,143,2494,2.0
1926,99,154,2495,2.0
1927,99,164,2496,2.0
1928,99,166,2497,2.0
1929,99,168,2498,2.0
1930,99,170,2499,2.0
1931,99,171,2500,2.0
1932,99,174,2501,2.0
1933,99,178,2502,2.0
1934,99,179,2503,2.0
1935,99,182,2504,2.0
1936,99,187,2505,2.0
1937,99,194,2506,2.0
1938,99,197,2507,2.0
1939,100,101,2533,2.0
1940,100,105,2534,2.0
1941,100,106,2535,2.0
1942,100,107,2536,2.0
1943,100,108,2537,2.0
1944,100,109,2538,2.0
1945,100,110,2539,2.0
1946,100,122,2540,2.0
1947,100,123,2541,2.0
1948,100,131,2542,2.0
1949,100,132,2543,2.0
1950,100,135,2544,2.0
1951,100,136,2545,2.0
1952,100,154,2546,2.0
1953,100,164,2547,2.0
1954,100,168,2548,2.0
1955,100,170,2549,2.0
1956,100,171,2550,2.0
1957,100,174,2551,2.0
1958,100,178,2552,2.0
1959,100,179,2553,2.0
1960,100,182,2554,2.0
1961,100,194,2555,2.0
1962,100,197,2556,2.0
1963,101,105,2581,2.0
1964,101,106,2582,2.0
1965,101,107,2583,2.0
1966,101,108,2584,2.0
1967,101,109,2585,2.0
1968,101,110,2586,2.0
1969,101,122,2587,2.0
1970,101,123,2588,2.0
1971,101,131,2589,2.0
1972,101,132,2590,2.0
1973,101,135,2591,2.0
1974,101,136,2592,2.0
1975,101,154,2593,2.0
1976,101,164,2594,2.0
1977,101,166,2595,2.0
1978,101,168,2596,2.0
1979,101,170,2597,2.0
1980,101,171,2598,2.0
1981,101,174,2599,2.0
1982,101,178,2600,2.0
1983,101,179,2601,2.0
1984,101,182,2602,2.0
1985,101,187,2603,2.0
1986,101,194,2604,2.0
1987,101,197,2605,2.0
1988,102,128,2614,2.0
1989,102,138,2615,2.0
1990,102,140,2616,2.0
1991,102,147,2617,2.0
1992,102,156,2618,2.0
1993,102,167,2619,2.0
1994,102,169,2620,2.0
1995,102,172,2621,2.0
1996,102,173,2622,2.0
1997,102,176,2623,2.0
1998,102,189,2624,2.0
1999,103,104,2637,2.0
2000,103,108,2638,2.0
2001,103,112,2639,2.0
2002,103,114,2640,2.0
2003,103,150,2641,2.0
2004,103,154,2642,2.0
2005,103,161,2643,2.0
2006,103,164,2644,2.0
2007,103,168,2645,2.0
2008,103,171,2646,2.0
2009,103,178,2647,2.0
2010,104,105,2661,2.0
2011,104,107,2662,2.0
2012,104,108,2663,2.0
2013,104,154,2664,2.0
2014,104,159,2665,2.0
2015,104,168,2666,2.0
2016,104,171,2667,2.0
2017,105,106,2695,2.0
2018,105,107,2696,2.0
2019,105,108,2697,2.0
2020,105,109,2698,2.0
2021,105,110,2699,2.0
2022,105,122,2700,2.0
2023,105,123,2701,2.0
2024,105,131,2702,2.0
2025,105,132,2703,2.0
2026,105,135,2704,2.0
2027,105,136,2705,2.0
2028,105,154,2706,2.0
2029,105,164,2707,2.0
2030,105,168,2708,2.0
2031,105,170,2709,2.0
2032,105,174,2710,2.0
2033,105,178,2711,2.0
2034,105,179,2712,2.0
2035,105,182,2713,2.0
2036,105,194,2714,2.0
2037,105,197,2715,2.0
2038,106,107,2739,2.0
2039,106,108,2740,2.0
2040,106,109,2741,2.0
2041,106,110,2742,2.0
2042,106,111,2743,2.0
2043,106,122,2744,2.0
2044,106,123,2745,2.0
2045,106,131,2746,2.0
2046,106,132,2747,2.0
2047,106,135,2748,2.0
2048,106,154,2749,2.0
2049,106,168,2750,2.0
2050,106,179,2751,2.0
2051,106,183,2752,2.0
2052,106,187,2753,2.0
2053,106,188,2754,2.0
2054,107,108,2779,2.0
2055,107,109,2780,2.0
2056,107,110,2781,2.0
2057,107,122,2782,2.0
2058,107,123,2783,2.0
2059,107,131,2784,2.0
2060,107,132,2785,2.0
2061,107,135,2786,2.0
2062,107,154,2787,2.0
2063,107,162,2788,2.0
2064,107,168,2789,2.0
2065,107,179,2790,2.0
2066,107,187,2791,2.0
2067,107,188,2792,2.0
2068,108,109,2828,2.0
2069,108,110,2829,2.0
2070,108,111,2830,2.0
2071,108,122,2831,2.0
2072,108,123,2832,2.0
2073,108,125,2833,2.0
2074,108,131,2834,2.0
2075,108,132,2835,2.0
2076,108,135,2836,2.0
2077,108,136,2837,2.0
2078,108,146,2838,2.0
2079,108,154,2839,2.0
2080,108,164,2840,2.0
2081,108,168,2841,2.0
2082,108,170,2842,2.0
2083,108,171,2843,2.0
2084,108,174,2844,2.0
2085,108,178,2845,2.0
2086,108,179,2846,2.0
2087,108,182,2847,2.0
2088,108,190,2848,2.0
2089,108,192,2849,2.0
2090,108,193,2850,2.0
2091,108,194,2851,2.0
2092,108,197,2852,2.0
2093,109,110,2875,2.0
2094,109,122,2876,2.0
2095,109,123,2877,2.0
2096,109,131,2878,2.0
2097,109,132,2879,2.0
2098,109,135,2880,2.0
2099,109,154,2881,2.0
2100,109,168,2882,2.0
2101,109,170,2883,2.0
2102,109,177,2884,2.0
2103,109,179,2885,2.0
2104,110,122,2914,2.0
2105,110,123,2915,2.0
2106,110,131,2916,2.0
2107,110,132,2917,2.0
2108,110,135,2918,2.0
2109,110,136,2919,2.0
2110,110,139,2920,2.0
2111,110,143,2921,2.0
2112,110,154,2922,2.0
2113,110,168,2923,2.0
2114,110,170,2924,2.0
2115,110,171,2925,2.0
2116,110,174,2926,2.0
2117,110,179,2927,2.0
2118,110,182,2928,2.0
2119,111,116,2950,2.0
2120,111,117,2951,2.0
2121,111,118,2952,2.0
2122,111,121,2953,2.0
2123,111,122,2954,2.0
2124,111,123,2955,2.0
2125,111,125,2956,2.0
2126,111,132,2957,2.0
2127,111,137,2958,2.0
2128,111,146,2959,2.0
2129,111,153,2960,2.0
2130,111,168,2961,2.0
2131,111,170,2962,2.0
2132,111,171,2963,2.0
2133,111,190,2964,2.0
2134,111,192,2965,2.0
2135,111,193,2966,2.0
2136,111,194,2967,2.0
2137,111,195,2968,2.0
2138,111,196,2969,2.0
2139,112,113,2985,2.0
2140,112,114,2986,2.0
2141,112,127,2987,2.0
2142,112,130,2988,2.0
2143,112,141,2989,2.0
2144,112,150,2990,2.0
2145,112,151,2991,2.0
2146,112,158,2992,2.0
2147,112,161,2993,2.0
2148,112,164,2994,2.0
2149,112,192,2995,2.0
2150,112,195,2996,2.0
2151,112,196,2997,2.0
2152,113,114,3006,2.0
2153,113,158,3007,2.0
2154,113,161,3008,2.0
2155,113,164,3009,2.0
2156,113,196,3010,2.0
2157,114,125,3036,2.0
2158,114,127,3037,2.0
2159,114,130,3038,2.0
2160,114,131,3039,2.0
2161,114,132,3040,2.0
2162,114,136,3041,2.0
2163,114,141,3042,2.0
2164,114,142,3043,2.0
2165,114,146,3044,2.0
2166,114,151,3045,2.0
2167,114,158,3046,2.0
2168,114,161,3047,2.0
2169,114,164,3048,2.0
2170,114,183,3049,2.0
2171,114,190,3050,2.0
2172,114,192,3051,2.0
2173,114,193,3052,2.0
2174,114,195,3053,2.0
2175,114,196,3054,2.0
2176,115,148,3056,2.0
2177,115,152,3057,2.0
2178,115,153,3058,2.0
2179,115,157,3059,2.0
2180,115,167,3060,2.0
2181,115,172,3061,2.0
2182,116,117,3070,2.0
2183,116,118,3071,2.0
2184,116,119,3072,2.0
2185,116,121,3073,2.0
2186,116,122,3074,2.0
2187,116,134,3075,2.0
2188,116,135,3076,2.0
2189,116,137,3077,2.0
2190,116,153,3078,2.0
2191,116,168,3079,2.0
2192,116,179,3080,2.0
2193,116,181,3081,2.0
2194,117,118,3087,2.0
2195,117,121,3088,2.0
2196,117,122,3089,2.0
2197,117,137,3090,2.0
2198,117,153,3091,2.0
2199,117,168,3092,2.0
2200,117,179,3093,2.0
2201,117,183,3094,2.0
2202,118,121,3115,2.0
2203,118,122,3116,2.0
2204,118,125,3117,2.0
2205,118,129,3118,2.0
2206,118,132,3119,2.0
2207,118,136,3120,2.0
2208,118,137,3121,2.0
2209,118,142,3122,2.0
2210,118,143,3123,2.0
2211,118,146,3124,2.0
2212,118,153,3125,2.0
2213,118,168,3126,2.0
2214,118,170,3127,2.0
2215,118,174,3128,2.0
2216,118,175,3129,2.0
2217,118,177,3130,2.0
2218,118,183,3131,2.0
2219,118,190,3132,2.0
2220,118,192,3133,2.0
2221,118,193,3134,2.0
2222,118,194,3135,2.0
2223,119,120,3141,2.0
2224,119,134,3142,2.0
2225,119,135,3143,2.0
2226,119,179,3144,2.0
2227,121,122,3166,2.0
2228,121,125,3167,2.0
2229,121,132,3168,2.0
2230,121,136,3169,2.0
2231,121,137,3170,2.0
2232,121,142,3171,2.0
2233,121,143,3172,2.0
2234,121,146,3173,2.0
2235,121,153,3174,2.0
2236,121,158,3175,2.0
2237,121,168,3176,2.0
2238,121,174,3177,2.0
2239,121,175,3178,2.0
2240,121,177,3179,2.0
2241,121,183,3180,2.0
2242,121,190,3181,2.0
2243,121,192,3182,2.0
2244,121,193,3183,2.0
2245,121,196,3184,2.0
2246,122,123,3223,2.0
2247,122,125,3224,2.0
2248,122,131,3225,2.0
2249,122,132,3226,2.0
2250,122,135,3227,2.0
2251,122,136,3228,2.0
2252,122,137,3229,2.0
2253,122,143,3230,2.0
2254,122,146,3231,2.0
2255,122,153,3232,2.0
2256,122,154,3233,2.0
2257,122,168,3234,2.0
2258,122,171,3235,2.0
2259,122,179,3236,2.0
2260,122,190,3237,2.0
2261,122,192,3238,2.0
2262,122,193,3239,2.0
2263,123,131,3270,2.0
2264,123,132,3271,2.0
2265,123,135,3272,2.0
2266,123,154,3273,2.0
2267,123,162,3274,2.0
2268,123,168,3275,2.0
2269,123,179,3276,2.0
2270,123,183,3277,2.0
2271,123,187,3278,2.0
2272,123,188,3279,2.0
2273,124,128,3289,2.0
2274,124,138,3290,2.0
2275,124,140,3291,2.0
2276,124,153,3292,2.0
2277,124,176,3293,2.0
2278,124,184,3294,2.0
2279,124,198,3295,2.0
2280,125,130,3313,2.0
2281,125,132,3314,2.0
2282,125,136,3315,2.0
2283,125,142,3316,2.0
2284,125,146,3317,2.0
2285,125,151,3318,2.0
2286,125,168,3319,2.0
2287,125,171,3320,2.0
2288,125,175,3321,2.0
2289,125,177,3322,2.0
2290,125,183,3323,2.0
2291,125,190,3324,2.0
2292,125,192,3325,2.0
2293,125,193,3326,2.0
2294,126,128,3335,2.0
2295,126,136,3336,2.0
2296,126,144,3337,2.0
2297,126,147,3338,2.0
2298,126,149,3339,2.0
2299,126,153,3340,2.0
2300,126,167,3341,2.0
2301,126,172,3342,2.0
2302,126,174,3343,2.0
2303,127,130,3359,2.0
2304,127,136,3360,2.0
2305,127,141,3361,2.0
2306,127,142,3362,2.0
2307,127,150,3363,2.0
2308,127,151,3364,2.0
2309,127,158,3365,2.0
2310,127,164,3366,2.0
2311,127,171,3367,2.0
2312,127,174,3368,2.0
2313,127,178,3369,2.0
2314,127,185,3370,2.0
2315,127,192,3371,2.0
2316,127,195,3372,2.0
2317,128,136,3395,2.0
2318,128,138,3396,2.0
2319,128,140,3397,2.0
2320,128,144,3398,2.0
2321,128,147,3399,2.0
2322,128,149,3400,2.0
2323,128,153,3401,2.0
2324,128,155,3402,2.0
2325,128,156,3403,2.0
2326,128,167,3404,2.0
2327,128,169,3405,2.0
2328,128,172,3406,2.0
2329,128,173,3407,2.0
2330,128,176,3408,2.0
2331,128,184,3409,2.0
2332,128,189,3410,2.0
2333,128,191,3411,2.0
2334,128,192,3412,2.0
2335,129,136,3428,2.0
2336,129,170,3429,2.0
2337,129,175,3430,2.0
2338,129,183,3431,2.0
2339,129,194,3432,2.0
2340,129,195,3433,2.0
2341,129,196,3434,2.0
2342,129,197,3435,2.0
2343,130,136,3455,2.0
2344,130,141,3456,2.0
2345,130,146,3457,2.0
2346,130,150,3458,2.0
2347,130,151,3459,2.0
2348,130,158,3460,2.0
2349,130,161,3461,2.0
2350,130,164,3462,2.0
2351,130,177,3463,2.0
2352,130,185,3464,2.0
2353,130,186,3465,2.0
2354,130,190,3466,2.0
2355,130,192,3467,2.0
2356,130,193,3468,2.0
2357,130,194,3469,2.0
2358,130,195,3470,2.0
2359,131,132,3509,2.0
2360,131,135,3510,2.0
2361,131,136,3511,2.0
2362,131,139,3512,2.0
2363,131,154,3513,2.0
2364,131,158,3514,2.0
2365,131,164,3515,2.0
2366,131,168,3516,2.0
2367,131,170,3517,2.0
2368,131,171,3518,2.0
2369,131,174,3519,2.0
2370,131,178,3520,2.0
2371,131,179,3521,2.0
2372,131,182,3522,2.0
2373,131,183,3523,2.0
2374,131,194,3524,2.0
2375,131,196,3525,2.0
2376,131,197,3526,2.0
2377,132,135,3578,2.0
2378,132,136,3579,2.0
2379,132,141,3580,2.0
2380,132,142,3581,2.0
2381,132,146,3582,2.0
2382,132,154,3583,2.0
2383,132,158,3584,2.0
2384,132,164,3585,2.0
2385,132,166,3586,2.0
2386,132,168,3587,2.0
2387,132,170,3588,2.0
2388,132,171,3589,2.0
2389,132,174,3590,2.0
2390,132,178,3591,2.0
2391,132,179,3592,2.0
2392,132,182,3593,2.0
2393,132,183,3594,2.0
2394,132,187,3595,2.0
2395,132,190,3596,2.0
2396,132,192,3597,2.0
2397,132,193,3598,2.0
2398,132,194,3599,2.0
2399,132,196,3600,2.0
2400,132,197,3601,2.0
2401,133,155,3604,2.0
2402,133,156,3605,2.0
2403,133,167,3606,2.0
2404,133,180,3607,2.0
2405,134,135,3617,2.0
2406,134,159,3618,2.0
2407,134,179,3619,2.0
2408,134,195,3620,2.0
2409,135,139,3661,2.0
2410,135,154,3662,2.0
2411,135,159,3663,2.0
2412,135,162,3664,2.0
2413,135,166,3665,2.0
2414,135,168,3666,2.0
2415,135,171,3667,2.0
2416,135,179,3668,2.0
2417,135,187,3669,2.0
2418,135,189,3670,2.0
2419,135,195,3671,2.0
2420,136,137,3734,2.0
2421,136,138,3735,2.0
2422,136,140,3736,2.0
2423,136,141,3737,2.0
2424,136,142,3738,2.0
2425,136,143,3739,2.0
2426,136,144,3740,2.0
2427,136,146,3741,2.0
2428,136,147,3742,2.0
2429,136,149,3743,2.0
2430,136,150,3744,2.0
2431,136,151,3745,2.0
2432,136,158,3746,2.0
2433,136,161,3747,2.0
2434,136,162,3748,2.0
2435,136,163,3749,2.0
2436,136,164,3750,2.0
2437,136,167,3751,2.0
2438,136,168,3752,2.0
2439,136,170,3753,2.0
2440,136,171,3754,2.0
2441,136,172,3755,2.0
2442,136,174,3756,2.0
2443,136,175,3757,2.0
2444,136,177,3758,2.0
2445,136,178,3759,2.0
2446,136,182,3760,2.0
2447,136,183,3761,2.0
2448,136,184,3762,2.0
2449,136,185,3763,2.0
2450,136,188,3764,2.0
2451,136,190,3765,2.0
2452,136,191,3766,2.0
2453,136,192,3767,2.0
2454,136,193,3768,2.0
2455,136,194,3769,2.0
2456,136,196,3770,2.0
2457,136,197,3771,2.0
2458,137,153,3784,2.0
2459,137,158,3785,2.0
2460,137,168,3786,2.0
2461,137,188,3787,2.0
2462,138,145,3802,2.0
2463,138,147,3803,2.0
2464,138,149,3804,2.0
2465,138,155,3805,2.0
2466,138,167,3806,2.0
2467,138,169,3807,2.0
2468,138,172,3808,2.0
2469,138,173,3809,2.0
2470,138,178,3810,2.0
2471,139,162,3826,2.0
2472,139,179,3827,2.0
2473,139,189,3828,2.0
2474,140,147,3846,2.0
2475,140,149,3847,2.0
2476,140,153,3848,2.0
2477,140,155,3849,2.0
2478,140,156,3850,2.0
2479,140,167,3851,2.0
2480,140,169,3852,2.0
2481,140,172,3853,2.0
2482,140,173,3854,2.0
2483,140,176,3855,2.0
2484,140,184,3856,2.0
2485,140,189,3857,2.0
2486,140,191,3858,2.0
2487,140,198,3859,2.0
2488,141,142,3876,2.0
2489,141,151,3877,2.0
2490,141,158,3878,2.0
2491,141,171,3879,2.0
2492,141,174,3880,2.0
2493,141,192,3881,2.0
2494,141,195,3882,2.0
2495,142,143,3902,2.0
2496,142,149,3903,2.0
2497,142,150,3904,2.0
2498,142,158,3905,2.0
2499,142,161,3906,2.0
2500,142,164,3907,2.0
2501,142,168,3908,2.0
2502,142,171,3909,2.0
2503,142,174,3910,2.0
2504,142,185,3911,2.0
2505,142,193,3912,2.0
2506,142,196,3913,2.0
2507,143,174,3930,2.0
2508,144,147,3942,2.0
2509,144,149,3943,2.0
2510,144,153,3944,2.0
2511,144,172,3945,2.0
2512,144,174,3946,2.0
2513,144,198,3947,2.0
2514,145,167,3949,2.0
2515,146,151,3968,2.0
2516,146,168,3969,2.0
2517,146,171,3970,2.0
2518,146,175,3971,2.0
2519,146,177,3972,2.0
2520,146,183,3973,2.0
2521,146,190,3974,2.0
2522,146,192,3975,2.0
2523,146,193,3976,2.0
2524,147,149,4004,2.0
2525,147,153,4005,2.0
2526,147,156,4006,2.0
2527,147,167,4007,2.0
2528,147,169,4008,2.0
2529,147,172,4009,2.0
2530,147,173,4010,2.0
2531,147,174,4011,2.0
2532,147,176,4012,2.0
2533,147,184,4013,2.0
2534,147,189,4014,2.0
2535,147,191,4015,2.0
2536,148,153,4020,2.0
2537,149,150,4056,2.0
2538,149,153,4057,2.0
2539,149,155,4058,2.0
2540,149,156,4059,2.0
2541,149,160,4060,2.0
2542,149,163,4061,2.0
2543,149,167,4062,2.0
2544,149,169,4063,2.0
2545,149,172,4064,2.0
2546,149,173,4065,2.0
2547,149,174,4066,2.0
2548,149,176,4067,2.0
2549,149,178,4068,2.0
2550,149,181,4069,2.0
2551,149,184,4070,2.0
2552,149,189,4071,2.0
2553,149,191,4072,2.0
2554,149,194,4073,2.0
2555,149,195,4074,2.0
2556,150,151,4102,2.0
2557,150,158,4103,2.0
2558,150,161,4104,2.0
2559,150,164,4105,2.0
2560,150,170,4106,2.0
2561,150,178,4107,2.0
2562,150,185,4108,2.0
2563,150,186,4109,2.0
2564,150,192,4110,2.0
2565,150,194,4111,2.0
2566,150,195,4112,2.0
2567,150,196,4113,2.0
2568,151,158,4130,2.0
2569,151,177,4131,2.0
2570,151,185,4132,2.0
2571,151,190,4133,2.0
2572,151,192,4134,2.0
2573,151,193,4135,2.0
2574,151,195,4136,2.0
2575,152,157,4139,2.0
2576,153,163,4175,2.0
2577,153,167,4176,2.0
2578,153,168,4177,2.0
2579,153,172,4178,2.0
2580,153,181,4179,2.0
2581,153,198,4180,2.0
2582,154,166,4218,2.0
2583,154,168,4219,2.0
2584,154,170,4220,2.0
2585,154,171,4221,2.0
2586,154,179,4222,2.0
2587,154,187,4223,2.0
2588,155,156,4238,2.0
2589,155,167,4239,2.0
2590,155,178,4240,2.0
2591,155,180,4241,2.0
2592,155,189,4242,2.0
2593,155,191,4243,2.0
2594,156,167,4259,2.0
2595,156,169,4260,2.0
2596,156,172,4261,2.0
2597,156,173,4262,2.0
2598,156,176,4263,2.0
2599,156,189,4264,2.0
2600,156,191,4265,2.0
2601,157,180,4269,2.0
2602,158,161,4315,2.0
2603,158,164,4316,2.0
2604,158,168,4317,2.0
2605,158,170,4318,2.0
2606,158,171,4319,2.0
2607,158,174,4320,2.0
2608,158,178,4321,2.0
2609,158,183,4322,2.0
2610,158,186,4323,2.0
2611,158,188,4324,2.0
2612,158,192,4325,2.0
2613,158,194,4326,2.0
2614,158,195,4327,2.0
2615,158,196,4328,2.0
2616,159,195,4338,2.0
2617,161,164,4366,2.0
2618,161,186,4367,2.0
2619,161,192,4368,2.0
2620,161,194,4369,2.0
2621,161,196,4370,2.0
2622,162,179,4386,2.0
2623,162,187,4387,2.0
2624,162,188,4388,2.0
2625,162,189,4389,2.0
2626,163,167,4399,2.0
2627,163,172,4400,2.0
2628,163,173,4401,2.0
2629,164,170,4445,2.0
2630,164,174,4446,2.0
2631,164,178,4447,2.0
2632,164,182,4448,2.0
2633,164,186,4449,2.0
2634,164,192,4450,2.0
2635,164,194,4451,2.0
2636,164,195,4452,2.0
2637,164,196,4453,2.0
2638,164,197,4454,2.0
2639,165,185,4455,2.0
2640,166,168,4466,2.0
2641,166,171,4467,2.0
2642,166,183,4468,2.0
2643,166,187,4469,2.0
2644,167,169,4507,2.0
2645,167,172,4508,2.0
2646,167,173,4509,2.0
2647,167,176,4510,2.0
2648,167,184,4511,2.0
2649,167,189,4512,2.0
2650,167,191,4513,2.0
2651,167,198,4514,2.0
2652,168,170,4580,2.0
2653,168,171,4581,2.0
2654,168,179,4582,2.0
2655,168,187,4583,2.0
2656,168,190,4584,2.0
2657,168,192,4585,2.0
2658,168,193,4586,2.0
2659,168,194,4587,2.0
2660,168,195,4588,2.0
2661,169,172,4608,2.0
2662,169,173,4609,2.0
2663,169,176,4610,2.0
2664,169,189,4611,2.0
2665,170,174,4650,2.0
2666,170,175,4651,2.0
2667,170,178,4652,2.0
2668,170,182,4653,2.0
2669,170,183,4654,2.0
2670,170,192,4655,2.0
2671,170,194,4656,2.0
2672,170,195,4657,2.0
2673,170,196,4658,2.0
2674,170,197,4659,2.0
2675,171,174,4700,2.0
2676,171,187,4701,2.0
2677,171,190,4702,2.0
2678,171,192,4703,2.0
2679,171,193,4704,2.0
2680,172,173,4740,2.0
2681,172,176,4741,2.0
2682,172,184,4742,2.0
2683,172,189,4743,2.0
2684,172,191,4744,2.0
2685,173,176,4765,2.0
2686,173,184,4766,2.0
2687,173,189,4767,2.0
2688,173,191,4768,2.0
2689,174,178,4816,2.0
2690,174,182,4817,2.0
2691,174,192,4818,2.0
2692,174,194,4819,2.0
2693,174,197,4820,2.0
2694,175,177,4833,2.0
2695,175,183,4834,2.0
2696,175,190,4835,2.0
2697,175,192,4836,2.0
2698,175,193,4837,2.0
2699,175,194,4838,2.0
2700,176,184,4859,2.0
2701,176,189,4860,2.0
2702,176,192,4861,2.0
2703,176,198,4862,2.0
2704,177,183,4879,2.0
2705,177,190,4880,2.0
2706,177,192,4881,2.0
2707,177,193,4882,2.0
2708,178,182,4916,2.0
2709,178,192,4917,2.0
2710,178,194,4918,2.0
2711,178,195,4919,2.0
2712,178,196,4920,2.0
2713,178,197,4921,2.0
2714,179,183,4966,2.0
2715,179,189,4967,2.0
2716,182,183,5001,2.0
2717,182,194,5002,2.0
2718,182,197,5003,2.0
2719,183,190,5038,2.0
2720,183,192,5039,2.0
2721,183,193,5040,2.0
2722,183,194,5041,2.0
2723,183,196,5042,2.0
2724,184,191,5063,2.0
2725,184,198,5064,2.0
2726,185,192,5079,2.0
2727,186,192,5091,2.0
2728,186,194,5092,2.0
2729,187,188,5110,2.0
2730,189,191,5151,2.0
2731,190,192,5177,2.0
2732,190,193,5178,2.0
2733,192,193,5256,2.0
2734,192,194,5257,2.0
2735,192,195,5258,2.0
2736,194,195,5340,2.0
2737,194,196,5341,2.0
2738,194,197,5342,2.0
2739,195,196,5387,2.0
2740,195,197,5388,2.0
2741,196,197,5433,2.0
